
1D QTM code with Gassian Basis 

analytic expression for matrix elements

system: Morse

Author :: Bing Gu


initial normalization =  0.999997
 z0 =   -4.2457527667343493        1.8575326010461631E-002
 z0 =   -3.8686291501015244        5.7937115485523931E-002
 z0 =   -3.4915055334686986       0.16532826746785495     
 z0 =   -3.1143819168358737       0.33565621094222992     
 z0 =   -2.7372583002030484       0.52474468603937963     
 z0 =   -2.3601346835702230       0.69432966181778577     
 z0 =   -1.9830110669373977       0.75569410694566497     
 z0 =   -1.6058874503045724       0.70939277531836564     
 z0 =   -1.2287638336717470       0.61099113334640942     
 z0 =  -0.85164021703892168       0.43650826531970699     
 z0 =  -0.47451660040609678       0.26160463169747972     
 z0 =   -9.7392983773270991E-002  0.16821895268708464     
 z0 =   0.27973063285955391        2.1418258711833692E-002
 z0 =   0.65685424949237969        7.8870189166694193E-002
 z0 =    1.0339778661252046        2.9194346207521735E-002
 z0 =    1.4111014827580295        7.9177602589903612E-002
 z0 =    1.7882250993908553        4.2232950795705222E-002
Initial Conditions

variance =   0.250000
traj spacing =   0.377124
number of basis =     17
Kmax  =   3000
dt    =   0.000500
kout  =      1
Mass  =   1.000000


Computing inital coefficients

numerical normalization =  0.999993
 final anal & numerical norm =    1.0000000012935288       0.99999877379813196     
