
1D QTM code with Gassian Basis 

analytic expression for matrix elements

system: Morse

Author :: Bing Gu


initial normalization =  1.000000
 z0 =   -4.3670068381445484        1.3808469808973579E-002
 z0 =   -4.0404082057734581        1.7581193905458956E-002
 z0 =   -3.7138095734023673        3.0274338834977477E-002
 z0 =   -3.3872109410312770        1.2235323246210399E-002
 z0 =   -3.0606123086601866        3.4752653711675206E-002
 z0 =   -2.7340136762890963        6.6438334133259128E-002
 z0 =   -2.4074150439180060        9.2156218779290866E-002
 z0 =   -2.0808164115469152       0.11167021416639134     
 z0 =   -1.7542177791758249       0.26729738998269237     
 z0 =   -1.4276191468047346       0.45119636637489030     
 z0 =   -1.1010205144336442       0.69110705469584077     
 z0 =  -0.77442188206255391       0.84213053399979743     
 z0 =  -0.44782324969146359       0.79126097177017052     
 z0 =  -0.12122461732037326       0.63640385510728670     
 z0 =   0.20537401505071706       0.58453827571406725     
 z0 =   0.53197264742180739       0.39199824056924454     
 z0 =   0.85857127979289771        9.8418859899661953E-002
 z0 =    1.1851699121639880       0.13665567498195161     
 z0 =    1.5117685445350784        3.3385188657932746E-002
Initial Conditions

variance =   0.062500
traj spacing =   0.326599
number of basis =     19
Kmax  =    400
dt    =   0.000500
kout  =      1
Mass  =   1.000000


Computing inital coefficients

numerical normalization =  0.996137
 final anal & numerical norm =   0.99999999995672340       0.99999998594418460     
